2	0.01	0.002	0.006	0	0.02	0	0	0	0.002	0.008	0.01	0	0	0	0.024	0.014	0.002	0.016	0	0	0.004	0.004	0.008	0	0	0	0	0.024	0.024	0	0	0	0	0	0	0.012	0.012	0	0.002	0	0	0	0	0	0.014	0	0	0	0.018	0.018	0.606	0.012	0	0.008	0	0.022	0.004	0.012	0.014	0.026	0.024	0	0	0	0	0	0	0	0	0	0	0	0	0	0	0	0	0	0	0	0	0	0	0	0	0	0	0	0	0	0	0	0	0	0	0	0	0	0	0	0	0	0.026	0.014	0.008	0.008	0	0	0.002	0	0.01	0.012	0.012	0	0	0	0.028	0	0.004	0.008	0	0	0.026	0.26	0	0	0.002	0.008	0.008	0	0.012	0.034	0.042	0	0	0	0.03	0	0.038	0.036	0.004	0.034	0	0	0	0	0	0	0	0.06	0	0.026	0.018	0	0.01	0	0.01	0.02	0.006	0	0	0.036	0.002	0	0.004	0.022	0.014	0.02	0	0.008	0.006	0	0.02	0	0	0	0.024	0.042	0.038	0	0.01	0.006	0	0	0	0	0	0	0	0	0	0	0	0	0	0	0	0	0.012	0	0	0	0	0	0	0	0	0	0	0	0	0	0	0	0	0	0	0	0	0	0.026	0	0.006	0.004	0	0	0	0.022	0.002	0.018	0	0	0	0.014	0.008	0.018	0	0.004	0.024	0.01	0	0	0.01	0	0	0.022	0	0.036	0	0	0	0	0	0	0	0	0	0.002	0	0.002	0.004	0.006	0.002	0	0.028	0	0	0	0	0	0.006	0.002	0	0.014	0.014	0.004
0.01	2	0.01	0.028	0	0	0	0.076	0	0.01	0.04	0	0.004	0	0	0.012	0.028	0.034	0.012	0	0	0	0.42	0.056	0.016	0	0.022	0.012	0.23	0.02	0	0	0	0	0.044	0	0.008	0.058	0.02	0.01	0.004	0.008	0.034	0	0.102	0	0	0	0.026	0.024	0.016	0	0.028	0.032	0	0	0	0	0.036	0.036	0.006	0	0	0	0	0	0	0	0	0	0	0	0	0	0	0	0	0	0	0	0	0	0	0	0	0	0	0	0	0	0	0	0	0	0	0	0	0	0	0	0	0	0	0	0	0.024	0.02	0	0.024	0.026	0	0	0	0	0.002	0	0	0	0	0	0	0	0	0.016	0	0	0.002	0	0	0.06	0.018	0.002	0.008	0.004	0.002	0	0.016	0.016	0.056	0.03	0	0	0.026	0	0	0	0	0	0	0	0	0	0	0	0	0.052	0	0	0.034	0	0	0	0	0.134	0.096	0.166	0.098	0	0	0.088	0	0.008	0.014	0.038	0	0.042	0	0	0	0.004	0	0.014	0	0	0	0.144	0.048	0	0.024	0	0	0	0	0	0	0	0	0	0.014	0	0	0.01	0	0	0	0	0	0.028	0	0	0	0	0	0	0	0	0	0	0	0	0	0	0.276	0	0	0	0.022	0.09	0.028	0.416	0	0.006	0.004	0.14	0.004	0.01	0.042	0	0	0	0	0	0.006	0.016	0	0	0	0.004	0	0	0	0	0	0	0	0	0	0	0	0.006	0	0.008	0	0	0	0.008	0.284	0	0	0.068	0.012	0.008	0	0.048	0.006	0.036	0
0.002	0.01	2	0	0	0.02	0	0.03	0.042	0.016	0.004	0	0	0	0	0.002	0.05	0.03	0.034	0	0	0	0	0.042	0.002	0	0	0.034	0.028	0.042	0	0	0	0	0	0.018	0.018	0	0	0.04	0.01	0	0.044	0	0.028	0.02	0	0	0.024	0.018	0.03	0.014	0	0.004	0.052	0.002	0	0	0.018	0.024	0.046	0.046	0	0	0	0	0	0	0	0	0	0	0	0	0	0	0	0	0	0	0	0	0	0	0	0	0	0	0	0	0	0	0	0	0	0	0	0	0	0	0	0	0	0	0.054	0.06	0	0.016	0.024	0.02	0	0.024	0	0.024	0	0.008	0.002	0.01	0	0	0	0	0	0.004	0	0	0	0	0	0.038	0.004	0.01	0.01	0.02	0.01	0.002	0	0.004	0.02	0	0	0.022	0.018	0	0	0	0	0	0	0	0.006	0	0.032	0.012	0.004	0.024	0.012	0	0.028	0	0.014	0	0.034	0	0	0.028	0	0.014	0	0.066	0.032	0.024	0.068	0.054	0.02	0	0	0	0.008	0	0.004	0.024	0	0	0	0.012	0	0	0	0	0	0	0	0	0	0	0	0	0	0	0	0	0	0	0	0	0	0	0	0	0	0	0	0	0	0	0	0	0	0	0	0.022	0.056	0	0	0	0	0.074	0	0	0	0	0	0.026	0.044	0.012	0.016	0	0.008	0.002	0	0	0	0.008	0	0	0	0.006	0.026	0.01	0	0	0	0	0	0.004	0	0	0.016	0	0	0	0	0	0	0	0	0	0	0.028	0.018	0.026	0.032	0.014	0.026	0	0.032
0.006	0.028	0	2	0	0.008	0	0	0	0	0	0	0	0	0	0	0	0	0	0	0	0	0	0	0	0	0	0	0	0.01	0	0	0	0	0	0	0	0	0	0	0	0	0	0	0	0.006	0	0	0	0	0.014	0	0.002	0	0	0.002	0	0	0	0	0.022	0.014	0	0	0	0	0	0	0	0	0	0	0	0	0	0	0	0	0	0	0	0	0	0	0	0	0	0	0	0	0	0	0	0.01	0	0	0	0	0	0	0	0	0	0	0.016	0.016	0.03	0	0	0	0	0.006	0.03	0.006	0.058	0	0.002	0.004	0	0	0	0	0	0	0	0	0.604	0.166	0	0	0.06	0.038	0.048	0.216	0.7	0.658	0.1	0.094	0	0.004	0	0	0	0	0	0	0	0	0	0	0	0	0.008	0.032	0	0	0	0	0.062	0	0	0	0	0	0	0	0	0.02	0	0	0	0	0.024	0.024	0	0	0	0.008	0.03	0.02	0	0.008	0	0	0	0	0	0	0	0	0	0	0	0	0	0	0	0	0	0.01	0	0	0	0	0	0	0	0	0	0	0	0	0	0	0	0	0	0	0	0	0	0.012	0	0.006	0	0	0	0.004	0.116	0	0	0	0	0	0	0.002	0.008	0	0.848	0	0.002	0.006	0	0	0.332	0.338	0.002	0	0	0	0	0	0	0	0	0	0	0	0	0	0	0	0	0	0	0.01	0	0	0	0	0	0.002	0	0.002	0.026	0	0
0	0	0	0	2	0	0	0	0	0	0	0	0	0	0	0	0	0	0	0	0	0	0	0	0	0	0	0	0	0	0	0	0	0	0	0	0	0	0	0	0	0	0	0	0	0	0	0	0	0	0	0	0	0	0	0	0	0	0	0	0	0	0	0	0.068	0.068	0.068	0.1	0.12	0.064	0.134	0.086	0.098	0.074	0.046	0.052	0.058	0.048	0.086	0.09	0.098	0.136	0.116	0.092	0.098	0.074	0.07	0.074	0.07	0.066	0.072	0.098	0.094	0.08	0.092	0.08	0.082	0.096	0.104	0.104	0.088	0.078	0.04	0	0	0	0	0.002	0	0	0	0	0	0	0	0	0.036	0	0.004	0	0	0	0	0	0	0.068	0	0	0.024	0	0	0	0	0	0	0	0	0	0	0	0	0	0	0.096	0.084	0.094	0.026	0.11	0.108	0.084	0	0.004	0	0	0.02	0	0.028	0	0	0	0	0.04	0	0	0	0	0	0	0.004	0	0	0	0	0	0	0	0	0	0	0	0	0	0.002	0	0	0	0	0.026	0	0	0.054	0.048	0.048	0.168	0.13	0.128	0	0	0	0.014	0.018	0	0	0	0.066	0.12	0.19	0	0	0.062	0.06	0.122	0.066	0.22	0.09	0.148	0.016	0.002	0	0.084	0	0	0	0	0	0	0	0	0	0	0	0	0	0	0	0	0	0	0	0.028	0	0.008	0	0	0	0	0	0	0	0.01	0.066	0.106	0.138	0.136	0.068	0.074	0.11	0.034	0.01	0	0	0	0	0	0	0	0	0	0	0	0	0	0	0	0	0	0
0.02	0	0.02	0.008	0	2	0	0.026	0.024	0.004	0.02	0	0	0	0	0.002	0.032	0.008	0.034	0	0	0.02	0	0	0	0	0	0.002	0.004	0.016	0	0	0	0	0.024	0	0.022	0	0	0.062	0.014	0	0	0	0.014	0.018	0.012	0.026	0.008	0.03	0.036	0.018	0	0	0	0	0.02	0	0.004	0.012	0.026	0.03	0	0	0	0	0	0	0	0	0	0	0	0	0	0	0	0	0	0	0	0	0	0	0	0	0	0	0	0	0	0	0	0	0	0	0	0	0	0	0	0	0	0.036	0.044	0.066	0.016	0	0	0	0	0.008	0.008	0.004	0.034	0.016	0	0.02	0	0	0	0	0	0.002	0	0	0.012	0.016	0.018	0.004	0.022	0.024	0.028	0.036	0.004	0.014	0.024	0.054	0.004	0.034	0.036	0.014	0.036	0	0	0	0	0	0	0	0.022	0	0.008	0.026	0.008	0.014	0	0.006	0.068	0	0.02	0	0.016	0.012	0	0	0	0.032	0.002	0.024	0	0.04	0.032	0.05	0	0	0	0.006	0.034	0.026	0	0	0	0	0.016	0.016	0	0	0.018	0	0	0	0	0	0	0	0	0	0	0	0	0	0	0	0	0	0	0	0.01	0	0	0	0	0	0	0	0	0	0	0	0	0.022	0	0	0	0	0	0.014	0.058	0	0	0.006	0	0	0.012	0.034	0.002	0	0.004	0	0	0.002	0	0	0.006	0.014	0	0	0.016	0	0	0	0	0	0	0	0	0	0	0	0	0.006	0	0	0.004	0.014	0	0.022	0	0	0.012	0.032	0.004	0	0.036	0	0.016
0	0	0	0	0	0	2	0	0	0	0	0	0.396	0.41	0.38	0.29	0	0	0	0.052	0.09	0	0	0	0.106	0.528	0.014	0.07	0	0	0.482	0.742	0.112	0.11	0.002	0	0	0.042	0.076	0	0.002	0.066	0.046	0.122	0	0	0	0	0	0	0	0	0	0	0	0	0	0	0	0	0	0	0.304	0.278	0	0	0	0	0	0	0	0	0	0	0	0.02	0	0	0	0	0	0	0	0	0	0	0	0	0	0	0	0	0	0	0	0	0	0	0	0	0	0	0	0	0	0	0	0.054	0	0	0.386	0	0	0	0	0	0	0	0	0	0	0.508	0	0	0.264	0.104	0	0	0	0.006	0	0	0	0	0	0	0	0	0	0	0	0	0	0	0	0	0	0	0	0	0	0	0	0	0	0.012	0	0	0	0	0	0	0	0	0	0.01	0	0	0	0	0	0	0	0	0.092	0.046	0.154	0	0	0	0	0	0	0	0	0	0	0	0	0.022	0	0	0	0	0	0	0.02	0.084	0	0	0	0.004	0.126	0.074	0	0	0	0	0	0	0	0	0	0	0	0	0	0	0	0	0.04	0	0.008	0	0	0	0	0	0	0	0	0	0	0	0	0	0	0.084	0	0	0	0	0.042	0	0	0	0	0.002	0	0	0	0	0	0	0	0	0	0	0	0	0	0	0	0	0	0	0.01	0	0	0	0	0	0	0	0	0	0
0	0.076	0.03	0	0	0.026	0	2	0.006	0	0.044	0.028	0	0	0	0.002	0.044	0.272	0.042	0	0	0	0	0.028	0.012	0	0.022	0.156	0.022	0.016	0	0	0	0	0.108	0	0	0.12	0.026	0.112	0.018	0	0.036	0.014	0.05	0.004	0	0.002	0.138	0.11	0.05	0.02	0.004	0.016	0	0	0	0	0.01	0.02	0.004	0	0.012	0	0	0	0	0	0	0	0	0	0	0	0	0	0	0	0	0	0	0	0	0	0	0	0	0	0	0	0	0	0	0	0	0	0	0	0	0	0	0	0	0	0.048	0.008	0	0	0.006	0.02	0	0	0	0.028	0	0	0	0	0	0.012	0.006	0	0.032	0.012	0	0	0	0	0	0.018	0	0	0.038	0.008	0	0	0	0	0.022	0.018	0	0	0.01	0	0	0	0	0	0	0	0	0	0.028	0	0	0.046	0	0	0.024	0	0	0	0	0.088	0	0.002	0	0	0	0.304	0.018	0.018	0.028	0.032	0	0	0	0	0	0	0	0	0	0	0	0.082	0	0	0	0	0	0	0	0	0	0	0	0	0	0	0	0	0	0	0	0	0	0	0	0	0	0	0	0	0	0	0	0	0	0	0	0.024	0.026	0	0.034	0.032	0.01	0.118	0	0.026	0	0.004	0.004	0.196	0.012	0.018	0.07	0	0	0	0	0	0.016	0.046	0	0.004	0	0.03	0.026	0	0	0	0	0	0	0	0	0	0	0	0	0	0.034	0	0	0.004	0.022	0	0	0.29	0.04	0.006	0.072	0.102	0	0.032	0
0	0	0.042	0	0	0.024	0	0.006	2	0	0	0	0	0	0	0	0	0	0	0	0	0	0	0	0	0	0	0	0	0.024	0	0	0	0	0.006	0	0.018	0	0	0	0	0	0	0	0	0.01	0	0.002	0.002	0	0	0	0	0	0.008	0.006	0	0	0	0	0.002	0	0	0	0.01	0	0	0.012	0.014	0.018	0.004	0.002	0.012	0.026	0.012	0	0.004	0.028	0.008	0.022	0.03	0	0.014	0.026	0.02	0.006	0	0.014	0.006	0.014	0	0.012	0.02	0.026	0.01	0.006	0.008	0.024	0.022	0.008	0.004	0.008	0	0	0.034	0.024	0.012	0.048	0.006	0.016	0	0.026	0.004	0.036	0	0	0.078	0.018	0	0	0	0	0	0	0	0.012	0.004	0.016	0.114	0	0	0	0	0.012	0	0	0	0.018	0.012	0	0	0	0.014	0.01	0.002	0.004	0	0.026	0.002	0.004	0.006	0	0	0	0.022	0	0.056	0.042	0	0	0	0.006	0.014	0	0	0	0	0.016	0.004	0	0	0.002	0.006	0.028	0	0	0	0.006	0.022	0.004	0.006	0.024	0	0	0	0	0	0.004	0	0	0	0	0	0	0	0	0	0	0	0.006	0	0	0	0	0	0	0	0	0	0	0	0	0	0	0.002	0.008	0	0	0.004	0.008	0	0.008	0	0	0	0	0	0.008	0.006	0	0	0	0	0	0	0	0	0	0.006	0.016	0	0.01	0	0	0.004	0.014	0	0	0.022	0.012	0.006	0.006	0.01	0.012	0.016	0.01	0.018	0.006	0.014	0	0	0	0	0	0	0	0	0	0	0	0	0	0	0	0	0	0
0.002	0.01	0.016	0	0	0.004	0	0	0	2	0.02	0	0	0	0	0.008	0.104	0.016	0.016	0	0	0	0.008	0.02	0.002	0	0	0	0.074	0.002	0	0	0	0	0.008	0.002	0	0	0	0.002	0.006	0	0.018	0	0.014	0.028	0	0	0.094	0.02	0	0	0	0.01	0.002	0	0	0	0.004	0	0	0.002	0	0.002	0	0	0	0	0	0	0	0	0	0	0	0	0	0	0	0	0	0	0	0	0	0	0	0	0	0	0	0	0	0	0	0	0	0	0	0	0	0	0	0.014	0.02	0.06	0	0	0.018	0.018	0	0.006	0	0	0	0.004	0	0	0	0.13	0.004	0	0	0	0	0	0	0	0	0.008	0	0.002	0	0.014	0	0	0	0	0.018	0.016	0	0	0	0	0	0	0	0	0	0	0	0.012	0	0	0	0	0	0	0.002	0.16	0.004	0.002	0	0.03	0	0	0	0	0	0	0.004	0.002	0.034	0.006	0.01	0	0	0.008	0	0.002	0.012	0	0	0	0	0.024	0	0	0	0	0	0	0	0	0	0	0	0	0	0	0	0	0	0	0	0	0	0	0	0	0	0	0	0	0	0	0	0	0	0	0	0.012	0	0	0	0	0.004	0.024	0	0.04	0	0.068	0.02	0.01	0.02	0.008	0	0	0	0	0	0	0	0.034	0	0	0	0	0	0	0	0	0	0	0	0	0	0	0.032	0.016	0.036	0.024	0	0	0	0	0.006	0	0	0	0.128	0.02	0.002	0.088	0.236	0.198	0
0.008	0.04	0.004	0	0	0.02	0	0.044	0	0.02	2	0.116	0	0	0	0	0.016	0.054	0.048	0	0	0.022	0	0.046	0.026	0	0	0.05	0.022	0.02	0	0	0	0	0.016	0	0.004	0.078	0.01	0.06	0.006	0	0.018	0	0.342	0.024	0	0	0.018	0.016	0	0.036	0.008	0.016	0.004	0	0	0	0.036	0.036	0.004	0.004	0	0	0	0	0	0	0	0	0	0	0	0	0	0	0	0	0	0	0	0	0	0	0	0	0	0	0	0	0	0	0	0	0	0	0	0	0	0	0	0	0	0.014	0.034	0.012	0.006	0	0.022	0.028	0	0.002	0	0	0.002	0.008	0	0.012	0	0.016	0.002	0	0.046	0.058	0	0	0	0	0	0.006	0.008	0.036	0.034	0.018	0	0	0.03	0.014	0.022	0	0.014	0.006	0.008	0	0	0	0	0	0	0	0	0	0.004	0	0	0.006	0	0	0.018	0	0	0	0.008	0.008	0.006	0	0	0.006	0	0.018	0.046	0.008	0.018	0.018	0.01	0	0	0.008	0	0	0	0.016	0	0	0	0.022	0	0	0	0	0	0	0	0	0	0	0	0	0.006	0	0	0	0	0	0	0	0	0	0	0	0	0	0	0	0	0	0	0	0	0	0	0.024	0.018	0	0.138	0.128	0	0.036	0.01	0	0.104	0.008	0.008	0.084	0.014	0.022	0	0	0	0	0	0	0.058	0.016	0	0	0.012	0	0.014	0	0	0	0	0	0	0	0	0	0	0	0.01	0.01	0.038	0.008	0	0.024	0.004	0.024	0	0.062	0.026	0.014	0.094	0.036	0.01	0.026	0
0.01	0	0	0	0	0	0	0.028	0	0	0.116	2	0	0	0	0	0	0.096	0.028	0	0	0.042	0	0	0	0	0.018	0.004	0.004	0	0	0	0	0	0.068	0.034	0.028	0.162	0	0.002	0.014	0	0	0	0	0.016	0.026	0	0	0.014	0.02	0	0	0	0	0	0	0.022	0	0	0	0	0.016	0	0	0	0	0	0	0	0	0	0	0	0	0	0	0	0	0	0	0	0	0	0	0	0	0	0	0	0	0	0	0	0	0	0	0	0	0	0	0	0	0.02	0.012	0.022	0	0	0.038	0.036	0	0	0	0	0	0	0	0	0	0	0.032	0	0.394	0.208	0	0	0	0	0	0	0	0	0	0.002	0	0	0.012	0.01	0	0	0	0.002	0	0	0	0	0	0	0	0	0	0	0	0.006	0	0.06	0	0	0.014	0	0.004	0	0	0	0	0	0	0	0	0	0.08	0.002	0	0.014	0	0	0	0.014	0.01	0	0	0	0	0	0	0	0	0	0	0	0	0	0	0	0	0	0	0	0	0	0	0	0	0	0	0	0	0	0	0	0	0	0	0	0	0	0	0	0	0	0	0.032	0	0.42	1.016	0.918	0	0	0.026	0.194	0.67	0	0	0.084	0.028	0.04	0.124	0	0	0	0	0	0.034	0.004	0	0	0	0	0	0	0	0	0	0	0	0	0	0	0	0.008	0	0	0.574	0	0	0.116	0.092	0	0.158	0.038	0	0.01	0.172	0.04	0.038	0	0
0	0.004	0	0	0	0	0.396	0	0	0	0	0	2	0.684	0.632	0.38	0	0	0	0.114	0.166	0	0	0	0.188	0.814	0.068	0.09	0	0	0.562	0.672	0.176	0.174	0	0.048	0	0.138	0.234	0	0.068	0.074	0.072	0.19	0.008	0	0	0	0	0	0.016	0.01	0.042	0	0	0	0	0	0	0	0	0	0.518	0.536	0	0	0	0	0	0	0	0	0	0	0	0	0	0	0	0	0	0	0	0	0	0	0	0	0	0	0	0	0	0	0	0	0	0	0	0	0	0	0	0	0	0	0	0	0	0	0.326	0	0	0	0	0	0	0	0	0.028	0.07	0.83	0	0	0.708	0.106	0	0	0	0.032	0	0	0	0	0	0	0	0	0.03	0	0	0	0	0	0	0	0	0	0	0	0.004	0	0	0	0	0	0	0	0	0	0	0	0	0	0.028	0.036	0.014	0	0	0	0	0	0.008	0	0.142	0.122	0.336	0	0	0	0	0	0	0	0	0	0	0	0	0.048	0	0	0	0	0	0	0.11	0.13	0.068	0	0	0.034	0.196	0.094	0	0	0	0	0	0	0	0	0	0	0	0	0	0	0	0	0.102	0	0.084	0	0	0	0	0	0	0	0	0	0	0	0.008	0.002	0	0.124	0	0	0	0	0.036	0	0	0	0	0.04	0	0	0	0	0	0	0	0	0	0	0	0	0	0	0	0	0	0	0.048	0	0	0	0	0	0	0.002	0.002	0	0
0	0	0	0	0	0	0.41	0	0	0	0	0	0.684	2	0.598	0.4	0	0	0	0.11	0.168	0	0	0.002	0.12	0.76	0.064	0.088	0	0	0.548	0.628	0.19	0.186	0.022	0.036	0	0.098	0.184	0	0.042	0.076	0.05	0.17	0.006	0	0	0	0	0	0.01	0	0.012	0	0	0	0	0	0	0	0	0	0.418	0.394	0	0	0	0	0	0	0	0	0	0	0	0	0	0	0	0	0	0	0	0	0	0	0	0	0	0	0	0	0	0	0	0	0	0	0	0	0	0	0	0	0	0	0	0	0	0	0.302	0	0	0	0	0	0	0	0	0.01	0.068	0.708	0	0	0.452	0.082	0	0	0	0.034	0	0	0	0	0	0	0	0	0.014	0	0	0	0	0	0	0	0	0	0	0	0	0	0	0	0	0	0	0	0	0	0	0	0	0.008	0.014	0	0.006	0	0	0	0	0	0.024	0	0.106	0.104	0.33	0	0	0	0	0	0	0	0	0	0	0	0	0.044	0	0	0	0	0	0	0.034	0.138	0.056	0	0	0.02	0.196	0.1	0	0	0	0	0	0	0	0	0	0	0	0	0	0	0	0	0.064	0	0.038	0	0	0	0	0	0	0	0	0	0	0	0	0	0	0.146	0	0	0	0	0.042	0	0	0	0	0.014	0	0	0	0	0	0	0	0	0	0	0	0	0	0	0	0	0	0	0.042	0	0	0	0	0	0	0	0	0	0
0	0	0	0	0	0	0.38	0	0	0	0	0	0.632	0.598	2	0.516	0	0	0	0.158	0.222	0	0	0	0.166	0.788	0.048	0.092	0	0	0.472	0.614	0.24	0.238	0.024	0.036	0	0.12	0.196	0	0.054	0.094	0.058	0.168	0	0	0	0	0	0	0.01	0.012	0.038	0	0	0	0	0	0	0	0	0	0.466	0.458	0	0	0	0	0	0	0	0	0	0	0	0	0	0	0	0	0	0	0	0	0	0	0	0	0	0	0	0	0	0	0	0	0	0	0	0	0	0	0	0	0	0	0	0	0	0	0.362	0	0	0	0	0	0	0	0	0.012	0.058	0.74	0	0	0.396	0.066	0	0	0	0.026	0	0	0	0	0	0	0	0	0.056	0	0	0	0	0	0	0	0	0	0	0	0	0	0	0	0	0.004	0	0	0	0	0	0	0	0	0.01	0	0.004	0	0	0	0	0	0	0	0.11	0.104	0.38	0	0	0	0	0	0	0	0	0	0	0	0	0.048	0	0	0	0	0	0	0.06	0.168	0.046	0	0	0.016	0.228	0.176	0	0	0	0	0	0	0	0	0	0	0	0	0	0	0	0	0.09	0	0.086	0	0	0	0	0	0	0	0	0	0	0.006	0	0	0	0.226	0	0	0	0	0.032	0	0	0	0	0.012	0	0	0	0	0	0	0	0	0	0	0	0	0	0	0	0	0	0	0.06	0	0	0	0	0	0	0	0	0.004	0
0.024	0.012	0.002	0	0	0.002	0.29	0.002	0	0.008	0	0	0.38	0.4	0.516	2	0.026	0	0.034	0.074	0.08	0	0	0.002	0.098	0.466	0.008	0.092	0	0.006	0.39	0.4	0.076	0.074	0.012	0	0	0.098	0.092	0	0.026	0.064	0.038	0.066	0	0.038	0	0	0	0	0.02	0.004	0	0	0	0	0	0	0	0	0.062	0.062	0.314	0.278	0	0	0	0	0	0	0	0	0	0	0	0	0	0	0	0	0	0	0	0	0	0	0	0	0	0	0	0	0	0	0	0	0	0	0	0	0	0	0	0.02	0.012	0.018	0	0	0	0	0.178	0	0	0	0	0	0	0.002	0	0	0.012	0.412	0	0	0.262	0.048	0	0	0	0.012	0	0	0	0	0	0	0	0	0	0	0	0	0	0	0	0	0	0	0	0	0	0	0	0	0	0.002	0	0	0	0	0	0	0	0	0	0.002	0	0	0	0	0	0	0.03	0	0.076	0.06	0.198	0	0.016	0	0	0	0	0	0	0	0	0	0	0.008	0	0	0	0	0	0	0.012	0.058	0	0	0	0	0.09	0.062	0	0	0	0	0	0	0	0	0	0	0	0	0	0	0	0	0.012	0	0.034	0	0	0	0	0.006	0.004	0	0	0	0	0	0	0	0	0.046	0	0	0	0.002	0.098	0	0	0	0	0	0.002	0	0	0	0	0	0	0	0	0	0	0	0	0	0	0	0	0	0.03	0	0	0	0	0	0	0	0	0	0
0.014	0.028	0.05	0	0	0.032	0	0.044	0	0.104	0.016	0	0	0	0	0.026	2	0.032	0.054	0	0	0.002	0	0	0	0	0	0	0.122	0.044	0	0	0	0	0.018	0	0	0.04	0	0.012	0.012	0	0.002	0	0.01	0.278	0	0	0.248	0.082	0	0.012	0	0	0.018	0	0.002	0	0	0.012	0.02	0.016	0.036	0.008	0	0	0	0	0	0	0	0	0	0	0	0	0	0	0	0	0	0	0	0	0	0	0	0	0	0	0	0	0	0	0	0	0	0	0	0	0	0	0	0.1	0.044	0.054	0	0	0.034	0.044	0	0.012	0	0.022	0	0	0	0	0	0.216	0	0	0	0.006	0	0	0	0.004	0	0	0	0.002	0.004	0	0	0	0	0	0.014	0.018	0.002	0	0	0	0	0	0	0	0	0	0	0	0.008	0	0	0.004	0	0	0.016	0.252	0	0	0.008	0.04	0.002	0.008	0	0	0	0.01	0.034	0.018	0.04	0.008	0.004	0	0	0.042	0	0.02	0.002	0	0	0	0	0.034	0	0	0	0	0	0	0	0	0	0	0	0	0	0	0	0	0	0	0	0	0	0	0	0	0	0	0	0	0	0	0	0	0	0	0	0.098	0	0	0	0.04	0.004	0.038	0.006	0.132	0	0.088	0.038	0.026	0.01	0	0.004	0	0	0	0	0.006	0.008	0.074	0	0	0	0	0.038	0	0	0	0	0	0	0	0	0	0.056	0.062	0.084	0.054	0	0	0	0	0.044	0	0.044	0.022	0.216	0.026	0.016	0.01	0	0.34	0
0.002	0.034	0.03	0	0	0.008	0	0.272	0	0.016	0.054	0.096	0	0	0	0	0.032	2	0.03	0	0	0.002	0	0.024	0.002	0	0	0.122	0.022	0.018	0	0	0	0	0.094	0	0	0.17	0.016	0.084	0	0.008	0.012	0.01	0.028	0.002	0	0.006	0.074	0.094	0.022	0.014	0	0.006	0	0	0	0.002	0	0.006	0	0	0.02	0.01	0	0	0	0	0	0	0	0	0	0	0	0	0	0	0	0	0	0	0	0	0	0	0	0	0	0	0	0	0	0	0	0	0	0	0	0	0	0	0	0.036	0.036	0.008	0	0	0.014	0.008	0	0	0	0.016	0	0.004	0	0	0	0	0	0	0.072	0.018	0	0	0	0	0	0.004	0	0.014	0	0	0	0	0	0	0.002	0.002	0.002	0.002	0.02	0	0	0	0	0	0	0	0.002	0	0.006	0.018	0	0.04	0	0	0.002	0	0	0	0	0.066	0	0	0	0.004	0	0.14	0.098	0.034	0.02	0.016	0.08	0.006	0	0.016	0	0	0	0	0	0	0	0.012	0	0	0	0	0	0	0	0	0	0	0	0	0	0	0	0	0	0	0	0	0	0	0	0	0	0	0	0	0	0	0	0	0	0	0	0.02	0.122	0	0.128	0.102	0	0.032	0	0	0.056	0	0	0.142	0.076	0.02	0.124	0	0	0	0	0	0	0.006	0	0	0	0.008	0.04	0	0	0	0	0	0	0	0	0	0	0	0	0.006	0.07	0	0	0	0.056	0	0	0.298	0	0.004	0.072	0.126	0	0.014	0
0.016	0.012	0.034	0	0	0.034	0	0.042	0	0.016	0.048	0.028	0	0	0	0.034	0.054	0.03	2	0.012	0.006	0	0	0	0.002	0	0	0	0.034	0.05	0	0	0	0	0	0	0	0.01	0	0.024	0.012	0	0.016	0	0.016	0.11	0	0	0.03	0.054	0.028	0.02	0.01	0	0.028	0	0.02	0	0.012	0.012	0.052	0.044	0.026	0.03	0	0	0	0	0	0	0	0	0	0	0	0	0	0	0	0	0	0	0	0	0	0	0	0	0	0	0	0	0	0	0	0	0	0	0	0	0	0	0	0.112	0.144	0.058	0.006	0	0.024	0.012	0	0.004	0	0.02	0.002	0	0	0.004	0	0	0	0	0	0.02	0	0	0	0.024	0	0.024	0.014	0.018	0.032	0.024	0.006	0	0.016	0.018	0.032	0	0.042	0	0.02	0	0	0	0	0	0	0	0.006	0	0.016	0.004	0.004	0.026	0	0	0.02	0	0	0	0.012	0	0	0	0	0.002	0.004	0.006	0.02	0.086	0.064	0.018	0.002	0	0	0.018	0.002	0.036	0	0.01	0	0	0	0	0	0	0	0	0	0	0	0	0	0	0	0	0	0	0	0	0	0	0	0	0	0	0	0	0	0	0	0	0	0	0	0	0	0	0	0.026	0.024	0	0.022	0.018	0	0.02	0.014	0	0.016	0	0	0.004	0.02	0.008	0.016	0	0	0.018	0	0.03	0.018	0.01	0.002	0.002	0	0.014	0.024	0	0	0	0	0	0	0	0	0	0	0	0	0	0.02	0	0	0.006	0	0.008	0	0	0.006	0.06	0.054	0.02	0.024	0	0
0	0	0	0	0	0	0.052	0	0	0	0	0	0.114	0.11	0.158	0.074	0	0	0.012	2	1.072	0	0	0.008	0.126	0.206	0.096	0.02	0	0	0.084	0.082	1.034	1.024	0.014	0.082	0	0	0.388	0	0	0.152	0.128	0.746	0.012	0	0	0	0	0.002	0	0.002	0.036	0	0	0	0	0	0.028	0.026	0	0	0.106	0.122	0	0	0	0	0	0	0	0	0	0	0	0	0	0	0	0	0	0	0	0	0	0	0	0	0	0	0	0	0	0	0	0	0	0	0	0	0	0	0	0	0	0	0	0	0	0	0.05	0	0	0	0	0	0	0	0	0	0.062	0.162	0	0	0.042	0	0	0	0	0.016	0	0.008	0	0	0	0	0	0	0.058	0	0	0	0	0	0	0	0	0	0	0	0	0	0	0	0	0	0	0	0	0	0	0	0	0	0	0	0	0	0	0	0	0	0	0	0.102	0.096	0.658	0	0	0	0	0	0	0.018	0	0	0	0	0	0.502	0	0	0	0	0	0	0.624	0.73	0.286	0	0	0.27	0.936	0.86	0	0	0	0	0	0	0	0	0	0	0	0	0	0	0	0	0.468	0	0	0	0	0	0	0.004	0	0	0	0	0	0	0	0	0	0.858	0	0	0	0	0.046	0.002	0	0	0	0	0	0	0	0	0	0	0	0	0	0.022	0	0	0	0	0	0	0	0	0	0	0	0	0	0	0	0	0	0	0
0	0	0	0	0	0	0.09	0	0	0	0	0	0.166	0.168	0.222	0.08	0	0	0.006	1.072	2	0	0	0	0.142	0.294	0.076	0.02	0	0	0.12	0.146	1.22	1.216	0	0.062	0	0	0.454	0	0	0.186	0.158	0.884	0.016	0	0	0	0	0	0	0	0.046	0	0	0	0	0	0.022	0.02	0	0	0.12	0.138	0	0	0	0	0	0	0	0	0	0	0	0	0	0	0	0	0	0	0	0	0	0	0	0	0	0	0	0	0	0	0	0	0	0	0	0	0	0	0	0	0	0	0	0	0	0	0.08	0	0	0	0	0	0	0	0	0	0.056	0.244	0	0	0.068	0	0	0	0	0.022	0	0	0	0	0	0	0	0	0.082	0	0	0	0	0	0	0	0	0	0	0	0	0	0	0	0	0	0	0	0	0	0	0	0	0	0	0	0	0	0	0	0	0	0	0	0.118	0.102	0.82	0	0	0	0	0	0	0.01	0	0	0	0	0	0.542	0	0	0	0	0	0	0.686	0.908	0.352	0	0	0.308	1.126	0.984	0	0	0	0	0	0	0	0	0	0	0	0	0	0	0	0	0.526	0	0	0	0	0	0	0	0	0	0	0	0	0	0	0	0	1.014	0	0	0	0	0.042	0.01	0	0	0	0	0	0	0	0	0	0	0	0	0	0.06	0	0	0	0	0	0	0	0	0	0	0	0	0	0	0	0	0	0	0
0.004	0	0	0	0	0.02	0	0	0	0	0.022	0.042	0	0	0	0	0.002	0.002	0	0	0	2	0	0	0	0	0	0	0.028	0	0	0	0	0	0.022	0	0.028	0.012	0	0	0.034	0	0	0	0	0.02	0.536	0.278	0	0	0	0	0	0	0	0	0	0	0.192	0.254	0	0	0	0	0	0	0	0	0	0	0	0	0	0	0	0	0	0	0	0	0	0	0	0	0	0	0	0	0	0	0	0	0	0	0	0	0	0	0	0	0	0	0	0.026	0.028	0.012	0	0.038	0.01	0.014	0.064	0	0	0	0	0	0	0	0	0	0	0	0	0.04	0	0	0	0	0	0	0	0.012	0	0	0	0	0	0	0	0	0	0	0	0	0	0	0.172	0	0	0	0	0	0	0.006	0	0	0	0	0.01	0	0.706	0	0	0.038	0.018	0.02	0	0	0	0	0.004	0	0	0.026	0	0	0	0	0	0	0	0.004	0	0	0.206	0.088	0.182	0	0.15	0	0	0	0	0	0	0	0	0	0	0	0	0	0	0	0	0	0	0.168	0.174	0	0	0	0	0	0	0	0.062	0.066	0.072	0.008	0	0.004	0	0.038	0.058	0.03	0.038	0.006	0	0.008	0.036	0.004	0.004	0.006	0	0.4	0.006	0	0	0	0	0	0.036	0	0	0	0	0	0	0	0	0	0	0	0	0	0	0	0	0	0.108	0.072	0.004	0.092	0.198	0.03	0.01	0.092	0	0	0.056	0.028	0.016	0	0.006	0	0.122
0.004	0.42	0	0	0	0	0	0	0	0.008	0	0	0	0	0	0	0	0	0	0	0	0	2	0.006	0	0	0	0	0.034	0.012	0	0	0	0	0	0	0	0	0	0	0	0	0	0	0.024	0.002	0	0	0	0.004	0.014	0	0.144	0.006	0.002	0	0	0	0.002	0	0	0.002	0	0	0	0	0	0	0	0	0	0	0	0	0	0	0	0	0	0	0	0	0	0	0	0	0	0	0	0	0	0	0	0	0	0	0	0	0	0	0	0	0	0	0	0	0	0	0	0.002	0	0.004	0	0	0	0	0.006	0	0.24	0	0	0	0.002	0	0	0	0	0	0	0.04	0	0	0	0	0	0	0	0	0.018	0.02	0	0	0.01	0	0	0	0	0	0	0	0	0	0	0.012	0.026	0.004	0	0	0	0	0	0	0.002	0.022	0.03	0.024	0.02	0.002	0	0.024	0.02	0	0.018	0	0	0.002	0	0.012	0	0.006	0	0.008	0.176	0	0.008	0.052	0.028	0	0.022	0	0	0	0	0	0	0	0	0	0	0	0	0	0	0	0	0	0	0.022	0	0	0	0	0	0	0	0	0.02	0.016	0	0	0	0	0.068	0.01	0	0	0.046	0	0	0.082	0	0	0	0.024	0.024	0	0.002	0	0	0.002	0.218	0.042	0	0.032	0	0	0	0.01	0	0	0	0	0	0	0	0	0	0	0	0.01	0	0.012	0	0	0	0	0.07	0	0	0	0	0	0.002	0.006	0	0.01	0
0.008	0.056	0.042	0	0	0	0	0.028	0	0.02	0.046	0	0	0.002	0	0.002	0	0.024	0	0.008	0	0	0.006	2	0.054	0.002	0.008	0.036	0.052	0	0	0	0	0	0.05	0.012	0	0.012	0.016	0.044	0.028	0.022	0.064	0.002	0.082	0.002	0	0	0.016	0.018	0	0.026	0.028	0.61	0.016	0	0	0	0.052	0.05	0	0	0	0.004	0	0	0	0	0	0	0	0	0	0	0	0	0	0	0	0	0	0	0	0	0	0	0	0	0	0	0	0	0	0	0	0	0	0	0	0	0	0	0	0	0.022	0.016	0	0	0.014	0.018	0	0.01	0	0	0	0	0	0	0	0.012	0	0	0	0	0	0	0	0	0	0.05	0	0.006	0	0.002	0	0	0	0	0.062	0.038	0	0.002	0.014	0	0	0	0	0	0	0	0.014	0.014	0.022	0	0	0.03	0	0	0	0.004	0.008	0	0.01	0.05	0	0	0	0	0	0.04	0.028	0.018	0.014	0.016	0.03	0.018	0	0	0	0	0.012	0.028	0	0	0	0.018	0.002	0	0	0.002	0	0	0	0	0	0	0	0.002	0	0	0	0	0	0	0	0	0	0.004	0	0	0	0	0	0	0	0	0	0	0	0	0.01	0.006	0.024	0	0	0	0	0.112	0	0.012	0	0.046	0	0.128	0.014	0.014	0	0	0	0	0	0	0	0.034	0	0	0	0	0.016	0	0	0	0	0	0	0	0	0	0	0.016	0.002	0.11	0	0	0	0.076	0.006	0	0	0.02	0.056	0.01	0.016	0.004	0.006	0.06	0.012
0	0.016	0.002	0	0	0	0.106	0.012	0	0.002	0.026	0	0.188	0.12	0.166	0.098	0	0.002	0.002	0.126	0.142	0	0	0.054	2	0.222	0.132	0.462	0.02	0	0.1	0.156	0.164	0.16	0.014	0.1	0	0.054	0.212	0.02	0.042	0.124	0.176	0.094	0.06	0	0	0	0	0	0	0.01	0.084	0.016	0	0	0	0	0.114	0.098	0	0	0.152	0.146	0	0	0	0	0	0	0	0	0	0	0	0	0	0	0	0	0	0	0	0	0	0	0	0	0	0	0	0	0	0	0	0	0	0	0	0	0	0	0	0	0	0	0	0	0.006	0.002	0.06	0	0	0	0	0	0	0	0	0	0.044	0.19	0	0	0.096	0	0	0	0	0.086	0	0.006	0	0	0	0	0	0	0.16	0.006	0	0	0	0	0	0	0	0	0	0	0	0	0	0	0	0.014	0	0	0	0	0	0	0	0.02	0	0.03	0	0	0	0.028	0.002	0	0	0	0.18	0.18	0.14	0	0	0	0	0	0	0.074	0	0.01	0	0	0	0.084	0	0	0	0	0	0	0.158	0.184	0.102	0	0	0.106	0.178	0.182	0	0	0	0	0	0	0	0	0	0	0	0	0	0	0	0	0.136	0	0.004	0	0	0	0	0.056	0	0	0	0.006	0.018	0.062	0.018	0.002	0	0.152	0	0	0	0	0.056	0.022	0	0	0	0	0	0	0	0	0	0	0	0.014	0	0.036	0	0	0	0	0	0	0	0	0.002	0	0	0	0.092	0	0	0	0	0.002	0
0	0	0	0	0	0	0.528	0	0	0	0	0	0.814	0.76	0.788	0.466	0	0	0	0.206	0.294	0	0	0.002	0.222	2	0.068	0.128	0	0	0.658	0.802	0.324	0.32	0.012	0.03	0	0.128	0.246	0	0.058	0.126	0.092	0.25	0.008	0	0	0	0	0	0	0	0.056	0	0	0	0	0	0	0	0	0	0.588	0.562	0	0	0	0	0	0	0	0	0	0	0	0	0	0	0	0	0	0	0	0	0	0	0	0	0	0	0	0	0	0	0	0	0	0	0	0	0	0	0	0	0	0	0	0	0	0	0.394	0	0	0	0	0	0	0	0	0	0.062	0.964	0	0	0.484	0.104	0	0	0	0.036	0	0	0	0	0	0	0	0	0.08	0	0	0	0	0	0	0	0	0	0	0	0	0	0	0	0	0.014	0	0	0	0	0	0	0	0.004	0.024	0	0.024	0	0	0	0	0	0	0	0.168	0.104	0.49	0	0	0	0	0	0	0	0	0	0	0	0	0.056	0	0	0	0	0	0	0.116	0.27	0.072	0	0	0.036	0.342	0.234	0	0	0	0	0	0	0	0	0	0	0	0	0	0	0	0	0.126	0	0.076	0	0	0	0	0	0	0	0	0	0	0	0	0	0	0.262	0	0	0	0	0.066	0	0	0	0	0.024	0	0	0	0	0	0	0	0	0	0	0	0	0	0	0	0	0	0	0.054	0	0	0	0	0	0	0	0	0	0
0	0.022	0	0	0	0	0.014	0.022	0	0	0	0.018	0.068	0.064	0.048	0.008	0	0	0	0.096	0.076	0	0	0.008	0.132	0.068	2	0.052	0.034	0	0.05	0.058	0.092	0.088	0	0.898	0	0.024	0.146	0	0.116	0.056	0.13	0.094	0.06	0	0	0	0	0	0.038	0	0.036	0	0	0	0	0	0.056	0.024	0	0	0.054	0.054	0	0	0	0	0	0	0	0	0	0	0	0	0	0	0	0	0	0	0	0	0	0	0	0	0	0	0	0	0	0	0	0	0	0	0	0	0	0	0	0	0	0	0	0	0	0	0.116	0	0	0	0	0	0	0	0	0	0.664	0.07	0.004	0	0.034	0	0	0	0	0.016	0	0	0	0	0	0	0	0	0.034	0.018	0	0	0	0	0	0	0	0	0	0	0	0	0	0	0	0.008	0	0	0	0	0	0	0	0.016	0.104	0.054	0.04	0	0	0.03	0	0	0	0	0.06	0.094	0.044	0	0	0	0	0	0	0.684	0	0	0	0	0	0.418	0	0	0	0	0	0	0.33	0.224	0.46	0	0	0.51	0.164	0.196	0	0	0	0	0	0	0	0	0	0	0	0	0	0	0	0	0.34	0	0.05	0.012	0.004	0.028	0	0.016	0	0.038	0	0	0	0.024	0	0	0.004	0.074	0	0	0	0	0.204	0.012	0	0	0	0.058	0	0	0	0	0	0	0	0	0	0	0	0	0	0	0.022	0	0	0	0.052	0	0	0.012	0.04	0	0	0.008	0	0	0
0	0.012	0.034	0	0	0.002	0.07	0.156	0	0	0.05	0.004	0.09	0.088	0.092	0.092	0	0.122	0	0.02	0.02	0	0	0.036	0.462	0.128	0.052	2	0.008	0	0.082	0.11	0.024	0.026	0.104	0.032	0	0.038	0.06	0.102	0.044	0.04	0.114	0.004	0.054	0	0	0	0.034	0.022	0.004	0	0.014	0.006	0	0	0	0.02	0.048	0.042	0	0	0.08	0.086	0	0	0	0	0	0	0	0	0	0	0	0	0	0	0	0	0	0	0	0	0	0	0	0	0	0	0	0	0	0	0	0	0	0	0	0	0	0	0	0.006	0.004	0.012	0	0	0.01	0	0.042	0	0	0	0	0	0	0	0	0.002	0.01	0.1	0	0.008	0.038	0	0	0	0	0.056	0	0	0	0	0	0	0	0	0.052	0.02	0	0	0	0	0	0	0	0	0	0	0	0	0.004	0	0	0.058	0	0	0	0	0	0	0	0.034	0	0	0	0	0	0.068	0.04	0	0	0	0.146	0.082	0.05	0	0	0	0	0	0	0	0	0.032	0	0	0	0.012	0	0	0	0	0	0	0.038	0.054	0.016	0	0	0.028	0.046	0.046	0	0	0	0	0	0	0	0	0	0	0	0	0	0	0	0	0.036	0	0.014	0.008	0.016	0.01	0	0.072	0	0	0	0	0	0.134	0.032	0.018	0.15	0.02	0	0	0	0	0.038	0.024	0	0	0	0	0	0	0	0	0	0	0	0	0	0	0	0	0	0	0.034	0	0	0.002	0.034	0	0	0.506	0.038	0.006	0.05	0.214	0	0.008	0
0.024	0.23	0.028	0	0	0.004	0	0.022	0	0.074	0.022	0.004	0	0	0	0	0.122	0.022	0.034	0	0	0.028	0.034	0.052	0.02	0	0.034	0.008	2	0.008	0	0	0	0	0.02	0.028	0.012	0.038	0.002	0.002	0.022	0.012	0.022	0	0.06	0	0	0	0.086	0.036	0.006	0	0	0.03	0.02	0	0	0	0.134	0.132	0	0	0	0	0	0	0	0	0	0	0	0	0	0	0	0	0	0	0	0	0	0	0	0	0	0	0	0	0	0	0	0	0	0	0	0	0	0	0	0	0	0	0	0.002	0.008	0.02	0	0	0.02	0.016	0	0	0	0	0	0	0	0	0	0.15	0	0	0	0.002	0	0	0	0	0	0	0	0	0	0.008	0	0	0	0	0.018	0.026	0.012	0	0.002	0	0	0	0	0	0	0	0	0.004	0.004	0	0	0.016	0	0	0.004	0.146	0.056	0	0	0.04	0.032	0.104	0.02	0	0	0.026	0.006	0	0	0.024	0.012	0.036	0.012	0	0	0	0.006	0	0	0.02	0	0.026	0	0	0	0.012	0	0	0	0	0	0	0.01	0.016	0.01	0	0	0.026	0	0.002	0	0	0	0	0	0	0	0	0	0	0	0	0	0	0	0	0.006	0.002	0.04	0	0	0.018	0.012	0.056	0	0.14	0	0.046	0.004	0.06	0.018	0.026	0.036	0	0	0	0	0	0	0.056	0	0	0	0	0.002	0	0	0	0	0	0	0	0	0	0	0.046	0.06	0.058	0	0	0	0	0.056	0	0.006	0.054	0.208	0	0.002	0.02	0	0.2	0.002
0.024	0.02	0.042	0.01	0	0.016	0	0.016	0.024	0.002	0.02	0	0	0	0	0.006	0.044	0.018	0.05	0	0	0	0.012	0	0	0	0	0	0.008	2	0	0	0	0	0.008	0	0.002	0.028	0	0.028	0	0	0.008	0	0.008	0.036	0	0	0.042	0.026	0.022	0.016	0	0.002	0.172	0.002	0.008	0	0	0.014	0.032	0.02	0	0	0	0	0	0	0	0	0	0	0	0	0	0	0	0	0	0	0	0	0	0	0	0	0	0	0	0	0	0	0	0	0	0	0	0	0	0.04	0	0	0	0.062	0.056	0.002	0.006	0.022	0.018	0.012	0	0	0	0.032	0.016	0	0	0.016	0.02	0	0	0	0	0.046	0	0	0	0.006	0	0.006	0.01	0.038	0.014	0	0	0	0.03	0.012	0.014	0.024	0.034	0.016	0.034	0	0	0	0	0	0	0	0.046	0	0	0.014	0.01	0.02	0.004	0	0.036	0	0	0	0.04	0	0	0.008	0.014	0.034	0.028	0.026	0.032	0.068	0.036	0.04	0	0	0	0.048	0.06	0.05	0.01	0.026	0.002	0	0	0.002	0	0	0	0	0	0	0	0	0	0	0	0	0	0	0	0	0	0	0	0	0	0	0	0	0	0	0	0	0	0	0	0	0	0	0	0.016	0	0	0.002	0	0.026	0.016	0.018	0	0	0	0	0.002	0.02	0	0.026	0	0	0.02	0.002	0.02	0.03	0	0	0.032	0.04	0.024	0.054	0	0	0	0	0	0	0	0	0	0	0	0	0.006	0.006	0.03	0.002	0	0	0	0.036	0.034	0.008	0.048	0.028	0.032	0.036	0.014	0
0	0	0	0	0	0	0.482	0	0	0	0	0	0.562	0.548	0.472	0.39	0	0	0	0.084	0.12	0	0	0	0.1	0.658	0.05	0.082	0	0	2	0.744	0.128	0.124	0.046	0.032	0	0.05	0.132	0	0.016	0.072	0.054	0.13	0.006	0	0	0	0	0	0	0	0	0	0	0	0	0	0	0	0	0	0.362	0.386	0	0	0	0	0	0	0	0	0	0	0	0	0	0	0	0	0	0	0	0	0	0	0	0	0	0	0	0	0	0	0	0	0	0	0	0	0	0	0	0	0	0	0	0	0	0	0.392	0	0	0	0	0	0	0	0	0.004	0.044	0.608	0	0	0.354	0.18	0	0	0	0.008	0	0	0	0	0	0	0	0	0.002	0	0	0	0	0	0	0	0	0	0	0	0	0	0	0	0	0	0	0	0	0	0	0	0	0	0.024	0	0.006	0	0	0	0	0	0	0	0.142	0.066	0.274	0	0	0	0	0	0	0	0	0	0	0	0	0.026	0	0	0	0	0	0	0.038	0.126	0.018	0	0	0.02	0.15	0.08	0	0	0	0	0	0	0	0	0	0	0	0	0	0	0	0	0.04	0	0.054	0	0	0	0	0	0	0	0	0	0	0	0	0	0	0.092	0	0	0	0	0.03	0	0	0	0	0.014	0	0	0	0	0	0	0	0	0	0	0	0	0	0	0	0	0	0	0.028	0	0	0	0	0	0	0	0	0	0
0	0	0	0	0	0	0.742	0	0	0	0	0	0.672	0.628	0.614	0.4	0	0	0	0.082	0.146	0	0	0	0.156	0.802	0.058	0.11	0	0	0.744	2	0.166	0.164	0	0.024	0	0.102	0.17	0	0.054	0.088	0.078	0.2	0.002	0	0	0	0	0	0	0	0.008	0	0	0	0	0	0	0	0	0	0.462	0.434	0	0	0	0	0	0	0	0	0	0	0	0	0	0	0	0	0	0	0	0	0	0	0	0	0	0	0	0	0	0	0	0	0	0	0	0	0	0	0	0	0	0	0	0	0	0	0.662	0	0	0	0	0	0	0	0	0	0.044	0.776	0	0	0.41	0.198	0	0	0	0.034	0	0	0	0	0	0	0	0	0.012	0	0	0	0	0	0	0	0	0	0	0	0	0	0	0	0	0.01	0	0	0	0	0	0	0	0	0.022	0.008	0.016	0	0	0	0	0	0	0	0.134	0.082	0.296	0	0	0	0	0	0	0	0	0	0	0	0	0.048	0	0	0	0	0	0	0.046	0.126	0.05	0	0	0.022	0.186	0.106	0	0	0	0	0	0	0	0	0	0	0	0	0	0	0	0	0.056	0	0.038	0	0	0	0	0	0	0	0	0	0	0	0	0	0	0.118	0	0	0	0	0.062	0	0	0	0	0	0	0	0	0	0	0	0	0	0	0	0	0	0	0	0	0	0	0	0.044	0	0	0	0	0	0	0	0	0	0
0	0	0	0	0	0	0.112	0	0	0	0	0	0.176	0.19	0.24	0.076	0	0	0	1.034	1.22	0	0	0	0.164	0.324	0.092	0.024	0	0	0.128	0.166	2	1.356	0.008	0.078	0	0.002	0.486	0	0	0.212	0.172	1.01	0.014	0	0	0	0	0	0	0	0.062	0	0	0	0	0	0.048	0.042	0	0	0.128	0.146	0	0	0	0	0	0	0	0	0	0	0	0	0	0	0	0	0	0	0	0	0	0	0	0	0	0	0	0	0	0	0	0	0	0	0	0	0	0	0	0	0	0	0	0	0	0	0.09	0	0	0	0	0	0	0	0	0	0.064	0.268	0	0	0.076	0	0	0	0	0.024	0	0	0	0	0	0	0	0	0.1	0	0	0	0	0	0	0	0	0	0	0	0	0	0	0	0	0	0	0	0	0	0	0	0	0.002	0	0	0	0	0	0	0	0	0	0	0.136	0.126	0.898	0	0	0	0	0	0	0.014	0	0	0	0	0	0.61	0	0	0	0	0	0	0.732	1.016	0.388	0	0	0.342	1.256	1.1	0	0	0	0	0	0	0	0	0	0	0	0	0	0	0	0	0.574	0	0	0	0	0	0	0	0	0	0	0	0	0.01	0	0	0	1.148	0	0	0	0	0.046	0.008	0	0	0	0	0	0	0	0	0	0	0	0	0	0.076	0	0	0	0	0	0	0	0	0	0	0	0	0	0	0	0	0	0	0
0	0	0	0	0	0	0.11	0	0	0	0	0	0.174	0.186	0.238	0.074	0	0	0	1.024	1.216	0	0	0	0.16	0.32	0.088	0.026	0	0	0.124	0.164	1.356	2	0.008	0.07	0	0.002	0.478	0	0	0.208	0.17	1	0.012	0	0	0	0	0	0	0	0.064	0	0	0	0	0	0.048	0.046	0	0	0.124	0.14	0	0	0	0	0	0	0	0	0	0	0	0	0	0	0	0	0	0	0	0	0	0	0	0	0	0	0	0	0	0	0	0	0	0	0	0	0	0	0	0	0	0	0	0	0	0	0.09	0	0	0	0	0	0	0	0	0	0.058	0.266	0	0	0.07	0	0	0	0	0.022	0	0	0	0	0	0	0	0	0.1	0	0	0	0	0	0	0	0	0	0	0	0	0	0	0	0	0	0	0	0	0	0	0	0	0.002	0	0	0	0	0	0	0	0	0	0	0.128	0.128	0.882	0	0	0	0	0	0	0.024	0	0	0	0	0	0.612	0	0	0	0	0	0	0.74	1.01	0.396	0	0	0.354	1.248	1.088	0	0	0	0	0	0	0	0	0	0	0	0	0	0	0	0	0.572	0	0	0	0	0	0	0	0	0	0	0	0	0.01	0	0	0	1.146	0	0	0	0	0.046	0.008	0	0	0	0	0	0	0	0	0	0	0	0	0	0.076	0	0	0	0	0	0	0	0	0	0	0	0	0	0	0	0	0	0	0
0	0.044	0	0	0	0.024	0.002	0.108	0.006	0.008	0.016	0.068	0	0.022	0.024	0.012	0.018	0.094	0	0.014	0	0.022	0	0.05	0.014	0.012	0	0.104	0.02	0.008	0.046	0	0.008	0.008	2	0	0.004	0.088	0	0.01	0	0.006	0	0	0.032	0	0.014	0.036	0.046	0.034	0.002	0	0	0.032	0.124	0	0	0	0.026	0.032	0	0	0	0	0	0	0	0	0	0	0	0	0	0	0	0	0	0	0	0	0	0	0	0	0	0	0	0	0	0	0	0	0	0	0	0	0	0	0	0	0	0	0	0.014	0.004	0.018	0	0	0	0.002	0	0	0	0	0	0	0	0	0	0	0.004	0	0.03	0.024	0	0	0	0	0	0	0	0	0.006	0	0	0	0	0	0.038	0.024	0	0	0.018	0	0	0	0	0	0	0	0	0	0	0	0	0	0	0.002	0	0	0.05	0	0.022	0.048	0	0	0	0	0	0.016	0.02	0	0.006	0	0.01	0	0.018	0	0.014	0	0	0.002	0	0	0.006	0	0	0	0.008	0	0	0	0	0	0	0	0	0.004	0	0	0	0	0.002	0.024	0	0	0	0.01	0.004	0	0	0	0	0	0	0	0	0	0	0	0	0.03	0.016	0.078	0.108	0.066	0	0	0	0.058	0.074	0	0.014	0.08	0.004	0.004	0.052	0.008	0	0	0	0	0	0.002	0	0	0	0	0	0	0	0	0	0	0	0	0	0	0	0.006	0.01	0.028	0.09	0.008	0	0	0.03	0.002	0.026	0.136	0.032	0.014	0.052	0.044	0	0.004	0.032
0	0	0.018	0	0	0	0	0	0	0.002	0	0.034	0.048	0.036	0.036	0	0	0	0	0.082	0.062	0	0	0.012	0.1	0.03	0.898	0.032	0.028	0	0.032	0.024	0.078	0.07	0	2	0	0.016	0.088	0	0.108	0.032	0.09	0.096	0.03	0	0	0	0	0	0.022	0	0	0	0.228	0	0	0	0.028	0.004	0	0	0.022	0.044	0	0	0	0	0	0	0	0	0	0	0	0	0	0	0	0	0	0	0	0	0	0	0	0	0	0	0	0	0	0	0	0	0	0	0	0	0	0	0	0	0	0	0	0	0	0.002	0.08	0	0	0	0	0	0	0	0	0	0.564	0.042	0.006	0	0.036	0	0	0	0	0.014	0	0	0	0	0	0	0	0	0	0.004	0	0	0	0	0	0	0	0	0	0	0	0	0	0	0	0	0	0	0	0	0	0	0.01	0	0.054	0.04	0.028	0	0	0.022	0	0	0	0	0.068	0.074	0.03	0	0	0	0	0	0	0.598	0	0	0	0	0	0.382	0	0	0	0	0	0	0.252	0.164	0.36	0	0	0.406	0.11	0.18	0	0	0	0	0	0	0	0	0	0	0	0	0	0	0	0	0.294	0	0.044	0.022	0.014	0.046	0	0.016	0	0.034	0	0	0	0.016	0.018	0.002	0.002	0.054	0	0	0	0	0.138	0	0	0	0	0.046	0	0	0	0	0	0	0	0.004	0	0	0	0	0	0.004	0.032	0	0	0	0.034	0	0	0.004	0.028	0	0	0.014	0.016	0	0
0.012	0.008	0.018	0	0	0.022	0	0	0.018	0	0.004	0.028	0	0	0	0	0	0	0	0	0	0.028	0	0	0	0	0	0	0.012	0.002	0	0	0	0	0.004	0	2	0	0	0	0.004	0	0	0	0	0	0.04	0.056	0	0.008	0.072	0.06	0	0	0	0	0.006	0	0.008	0	0	0	0	0	0	0	0	0	0	0	0	0	0	0	0	0	0	0	0	0	0	0	0	0	0	0	0	0	0	0	0	0	0	0	0	0	0	0.006	0	0	0	0	0	0	0.004	0.014	0.02	0.028	0	0	0	0.018	0.014	0.006	0.002	0.01	0	0.038	0	0	0.004	0	0.004	0.016	0	0	0	0	0	0	0	0.01	0	0.01	0.002	0	0.004	0.008	0	0.07	0.022	0	0	0	0	0	0.032	0	0	0	0.032	0	0.004	0.09	0	0	0.016	0.018	0.016	0	0.036	0	0.026	0	0	0.016	0.022	0	0.006	0.004	0.004	0.01	0	0.028	0.002	0	0	0.01	0.032	0.006	0.008	0.004	0	0	0.038	0.016	0.03	0	0.046	0	0	0	0	0	0	0	0	0	0	0	0	0	0	0	0	0	0	0.044	0.038	0	0	0	0	0	0	0	0.012	0	0	0.002	0	0.014	0.084	0.044	0.022	0.028	0.006	0	0.028	0.024	0.036	0	0.008	0	0	0.018	0.036	0	0	0.002	0	0	0	0	0	0	0	0.076	0	0	0	0	0	0	0	0	0	0	0.008	0	0.012	0	0.012	0.002	0.008	0	0.048	0.022	0	0	0	0.006	0.006	0	0.004	0	0.032
0.012	0.058	0	0	0	0	0.042	0.12	0	0	0.078	0.162	0.138	0.098	0.12	0.098	0.04	0.17	0.01	0	0	0.012	0	0.012	0.054	0.128	0.024	0.038	0.038	0.028	0.05	0.102	0.002	0.002	0.088	0.016	0	2	0.104	0.018	0.046	0.024	0.042	0.072	0	0.016	0	0	0.004	0.03	0.046	0.036	0	0.004	0.004	0	0	0	0.006	0.008	0	0.002	0.092	0.066	0	0	0	0	0	0	0	0	0	0	0	0	0	0	0	0	0	0	0	0	0	0	0	0	0	0	0	0	0	0	0	0	0	0	0	0	0	0	0	0.018	0.046	0.02	0	0.01	0.038	0.052	0.038	0	0	0	0	0	0	0	0	0.01	0.01	0.136	0.064	0.076	0.116	0	0	0	0	0	0	0.01	0	0	0	0	0	0	0.006	0.032	0	0	0	0	0	0	0	0	0	0	0	0	0	0	0	0.018	0	0	0.004	0.006	0	0	0	0.02	0.01	0	0	0	0	0.082	0.036	0	0	0	0.05	0.04	0.05	0	0.008	0	0	0	0	0	0	0	0	0	0	0	0	0	0	0	0	0	0	0	0.016	0	0	0	0	0	0	0	0	0	0	0	0	0	0	0	0	0	0	0	0	0	0	0.032	0.068	0.03	0.21	0.172	0	0.036	0	0.038	0.144	0	0.008	0.104	0.018	0.018	0.03	0	0	0	0	0	0.036	0	0	0	0	0	0.044	0	0	0	0	0	0	0	0	0	0	0	0	0	0.112	0	0	0.018	0.058	0	0.03	0.102	0.006	0	0.074	0.034	0	0.026	0
0	0.02	0	0	0	0	0.076	0.026	0	0	0.01	0	0.234	0.184	0.196	0.092	0	0.016	0	0.388	0.454	0	0	0.016	0.212	0.246	0.146	0.06	0.002	0	0.132	0.17	0.486	0.478	0	0.088	0	0.104	2	0	0.008	0.17	0.17	0.362	0.064	0	0	0	0	0	0.006	0.03	0.088	0	0	0	0	0	0.022	0.018	0	0	0.154	0.126	0	0	0	0	0	0	0	0	0	0	0	0	0	0	0	0	0	0	0	0	0	0	0	0	0	0	0	0	0	0	0	0	0	0	0	0	0	0	0	0	0	0	0	0	0	0	0.088	0	0	0	0	0	0	0	0	0.016	0.092	0.258	0	0	0.148	0	0	0	0	0.038	0	0	0	0	0	0	0	0	0.108	0.036	0	0	0	0	0	0	0	0	0	0	0	0	0	0	0	0	0	0	0	0	0	0	0	0.008	0.018	0	0	0	0	0	0	0	0	0	0.124	0.204	0.374	0	0	0	0	0	0	0.052	0	0	0	0	0	0.254	0	0	0	0	0	0	0.282	0.288	0.126	0	0	0.094	0.426	0.374	0	0	0	0	0	0	0	0	0	0	0	0	0	0	0	0	0.278	0	0.026	0	0	0	0	0.044	0	0.002	0	0	0	0.044	0	0	0	0.422	0	0	0	0	0.064	0.008	0	0	0	0.006	0.002	0	0	0	0	0	0	0	0	0	0	0	0	0	0	0	0	0	0.012	0	0	0.016	0	0	0	0	0	0.008	0
0.002	0.01	0.04	0	0	0.062	0	0.112	0	0.002	0.06	0.002	0	0	0	0	0.012	0.084	0.024	0	0	0	0	0.044	0.02	0	0	0.102	0.002	0.028	0	0	0	0	0.01	0	0	0.018	0	2	0.036	0	0.004	0	0.042	0.004	0	0	0.034	0.056	0	0.048	0.026	0.026	0.01	0	0	0	0.03	0.032	0	0	0.016	0.026	0	0	0	0	0	0	0	0	0	0	0	0	0	0	0	0	0	0	0	0	0	0	0	0	0	0	0	0	0	0	0	0	0	0	0	0	0	0	0	0.01	0.018	0.022	0	0	0.028	0.02	0	0	0	0.012	0	0	0	0	0	0	0	0	0	0.026	0	0	0	0	0	0.052	0.034	0.012	0.014	0	0	0	0.014	0.008	0.06	0.026	0.018	0	0.016	0	0	0	0	0	0	0	0.01	0	0.028	0.13	0	0.034	0	0	0.02	0	0.004	0	0	0.038	0	0	0	0.04	0	0.11	0.05	0	0.04	0.044	0.044	0	0	0	0.002	0	0.02	0.01	0	0	0	0.07	0.002	0	0.002	0	0	0	0	0	0	0	0	0	0	0	0	0	0	0	0	0	0	0	0	0	0	0	0	0	0	0	0	0	0.002	0	0	0.006	0.072	0.048	0.032	0	0	0.086	0	0	0.008	0.006	0	0.174	0.116	0.064	0.12	0	0	0	0	0	0.016	0.028	0	0	0.004	0	0.018	0	0	0	0	0	0	0	0	0	0	0	0	0	0.02	0	0	0.016	0.01	0.008	0.008	0.156	0.042	0.022	0.008	0.086	0.026	0.012	0.01
0	0.004	0.01	0	0	0.014	0.002	0.018	0	0.006	0.006	0.014	0.068	0.042	0.054	0.026	0.012	0	0.012	0	0	0.034	0	0.028	0.042	0.058	0.116	0.044	0.022	0	0.016	0.054	0	0	0	0.108	0.004	0.046	0.008	0.036	2	0.018	0.06	0	0.002	0.032	0.062	0.026	0.026	0	0.014	0.01	0.018	0.006	0	0	0	0	0.052	0.048	0	0	0.034	0.066	0	0	0	0	0	0	0	0	0	0	0	0	0	0	0	0	0	0	0	0	0	0	0	0	0	0	0	0	0	0	0	0	0	0	0	0	0	0	0	0	0.014	0.01	0	0	0.222	0.256	0.02	0	0	0	0	0	0	0	0	0.06	0.098	0.056	0	0.01	0.034	0	0	0	0	0.084	0	0	0	0.024	0.008	0.008	0	0	0.07	0	0	0	0	0	0	0	0	0	0	0	0.002	0	0	0.03	0	0.03	0	0	0	0.032	0.06	0	0	0.006	0.062	0.024	0.004	0.01	0	0.02	0.01	0	0.006	0.032	0.022	0	0.002	0	0	0	0.002	0.016	0	0.064	0.01	0.01	0	0	0.02	0.018	0	0	0	0	0	0	0	0	0.062	0	0	0.046	0	0	0	0	0	0.02	0.026	0	0	0	0	0	0	0	0	0	0	0	0.012	0.038	0.008	0	0	0.062	0.004	0.09	0	0.022	0	0	0.082	0.022	0.01	0.03	0.034	0	0	0	0	0	0.27	0.052	0	0	0	0	0	0	0	0	0	0	0	0	0	0	0	0.032	0.062	0	0.014	0	0	0.03	0.194	0	0	0	0.084	0	0.018	0.02	0.022	0.082	0.012
0	0.008	0	0	0	0	0.066	0	0	0	0	0	0.074	0.076	0.094	0.064	0	0.008	0	0.152	0.186	0	0	0.022	0.124	0.126	0.056	0.04	0.012	0	0.072	0.088	0.212	0.208	0.006	0.032	0	0.024	0.17	0	0.018	2	0.098	0.154	0.022	0	0	0	0	0.004	0	0	0.026	0	0	0	0	0	0.012	0.018	0	0	0.06	0.068	0	0	0	0	0	0	0	0	0	0	0	0	0	0	0	0	0	0	0	0	0	0	0	0	0	0	0	0	0	0	0	0	0	0	0	0	0	0	0	0	0	0	0	0	0	0	0.034	0	0	0	0	0	0	0	0	0	0.03	0.116	0	0	0.044	0	0	0	0	0.028	0	0	0	0	0	0	0	0	0.052	0	0	0	0	0	0	0	0	0	0	0	0	0	0	0	0	0.004	0	0	0	0	0	0	0	0.022	0	0	0	0	0	0	0	0	0	0	0.07	0.072	0.152	0	0	0	0	0	0	0.01	0	0	0	0	0	0.1	0	0	0	0	0	0	0.124	0.174	0.088	0	0	0.084	0.228	0.176	0	0	0	0	0	0	0	0	0	0	0	0	0	0	0	0	0.104	0	0.006	0	0	0	0	0.02	0	0	0	0	0	0.022	0.008	0	0	0.178	0	0	0	0	0.014	0.012	0	0	0	0	0	0	0	0	0	0	0	0	0	0	0	0	0	0	0	0	0	0	0.03	0	0	0	0.004	0	0	0	0	0	0
0	0.034	0.044	0	0	0	0.046	0.036	0	0.018	0.018	0	0.072	0.05	0.058	0.038	0.002	0.012	0.016	0.128	0.158	0	0	0.064	0.176	0.092	0.13	0.114	0.022	0.008	0.054	0.078	0.172	0.17	0	0.09	0	0.042	0.17	0.004	0.06	0.098	2	0.162	0.074	0.014	0	0	0	0.004	0.026	0	0.05	0.02	0	0	0	0	0.056	0.072	0	0	0.056	0.062	0	0	0	0	0	0	0	0	0	0	0	0	0	0	0	0	0	0	0	0	0	0	0	0	0	0	0	0	0	0	0	0	0	0	0	0	0	0	0	0	0.002	0.014	0	0	0.042	0.042	0.024	0	0	0	0	0	0	0	0	0	0.056	0.078	0	0	0.036	0	0	0	0	0.048	0	0.002	0	0	0	0	0	0	0.09	0	0	0	0.002	0	0	0	0	0	0	0	0	0	0	0	0	0.012	0	0	0	0	0	0	0	0.024	0.022	0	0	0	0	0.03	0	0	0.018	0.022	0.162	0.14	0.14	0	0	0	0	0.01	0	0.038	0	0	0	0	0	0.12	0	0	0	0	0	0	0.164	0.158	0.098	0	0	0.106	0.18	0.164	0	0	0	0	0	0	0	0	0	0	0	0	0	0	0	0	0.13	0	0.054	0	0	0	0	0.148	0	0	0	0	0	0.05	0	0	0	0.142	0	0	0	0	0.066	0.018	0	0	0	0.018	0	0	0	0	0	0	0	0.016	0	0.02	0	0.01	0	0	0	0	0	0.004	0.048	0	0	0	0.036	0	0	0.002	0	0.018	0
0	0	0	0	0	0	0.122	0.014	0	0	0	0	0.19	0.17	0.168	0.066	0	0.01	0	0.746	0.884	0	0	0.002	0.094	0.25	0.094	0.004	0	0	0.13	0.2	1.01	1	0	0.096	0	0.072	0.362	0	0	0.154	0.162	2	0.008	0	0	0	0	0	0	0	0.028	0	0	0	0	0	0.06	0.064	0	0	0.114	0.126	0	0	0	0	0	0	0	0	0	0	0	0	0	0	0	0	0	0	0	0	0	0	0	0	0	0	0	0	0	0	0	0	0	0	0	0	0	0	0	0	0.008	0	0	0	0	0	0.088	0	0	0	0	0	0	0	0	0	0.078	0.246	0	0	0.076	0	0	0	0	0.03	0	0	0	0	0	0	0	0	0.044	0	0	0	0	0	0	0	0	0	0	0	0	0	0	0	0	0	0	0	0	0	0	0	0	0.01	0	0	0	0	0	0.002	0	0	0	0	0.118	0.162	0.68	0	0	0	0	0	0	0.012	0	0	0	0	0	0.518	0	0	0	0	0	0	0.552	0.72	0.342	0	0	0.298	0.924	0.778	0	0	0	0	0	0	0	0	0	0	0	0	0	0	0	0	0.454	0	0.028	0	0	0	0	0	0	0	0	0	0	0.01	0	0	0	0.834	0	0	0	0	0.034	0.016	0	0	0	0	0	0	0	0	0	0	0	0	0	0.088	0	0	0	0	0	0	0	0	0.022	0	0	0	0	0	0	0	0	0	0
0	0.102	0.028	0	0	0.014	0	0.05	0	0.014	0.342	0	0.008	0.006	0	0	0.01	0.028	0.016	0.012	0.016	0	0.024	0.082	0.06	0.008	0.06	0.054	0.06	0.008	0.006	0.002	0.014	0.012	0.032	0.03	0	0	0.064	0.042	0.002	0.022	0.074	0.008	2	0	0	0	0.01	0.03	0.01	0.014	0.026	0.05	0.008	0	0	0.008	0.054	0.044	0	0	0.008	0.01	0	0	0	0	0	0	0	0	0	0	0	0	0	0	0	0	0	0	0	0	0	0	0	0	0	0	0	0	0	0	0	0	0	0	0	0	0	0	0	0.024	0	0.004	0	0	0	0	0.012	0	0	0	0	0	0	0	0	0.006	0.014	0	0.002	0.026	0.002	0	0	0	0	0.058	0	0.008	0.094	0	0	0	0.004	0.012	0.022	0.026	0.016	0	0	0	0	0	0	0	0	0	0	0	0.012	0.006	0	0.048	0	0	0	0	0	0	0.008	0.028	0.014	0.034	0.004	0.002	0	0.046	0.01	0.008	0.018	0.012	0.044	0.032	0.006	0	0.004	0	0.016	0	0	0.008	0	0.03	0	0	0	0.016	0	0	0	0	0	0	0.044	0.04	0.024	0	0	0.044	0.022	0.012	0	0	0	0	0	0	0	0	0	0	0	0	0	0	0	0	0.012	0	0.062	0	0	0	0.008	0.082	0.012	0.02	0	0.002	0	0.052	0.038	0.01	0.02	0.002	0	0	0.002	0	0.014	0.04	0	0	0.008	0.03	0.014	0	0	0	0	0	0	0	0	0	0	0	0	0.034	0.002	0	0	0	0.024	0.014	0	0.056	0.02	0.014	0.004	0.016	0.008	0.014	0
0.014	0	0.02	0.006	0	0.018	0	0.004	0.01	0.028	0.024	0.016	0	0	0	0.038	0.278	0.002	0.11	0	0	0.02	0.002	0.002	0	0	0	0	0	0.036	0	0	0	0	0	0	0	0.016	0	0.004	0.032	0	0.014	0	0	2	0	0.002	0.02	0.03	0.024	0.018	0.004	0	0.004	0.01	0.012	0	0.004	0.008	0.044	0.046	0.064	0.054	0	0	0	0	0	0	0	0	0	0	0	0	0	0	0	0	0	0	0	0	0	0	0	0	0	0	0	0	0	0	0	0	0	0	0	0	0	0	0	0.176	0.11	0.048	0.02	0	0.038	0.048	0.026	0.024	0	0	0	0.01	0	0.016	0	0	0	0	0	0.018	0	0	0	0.004	0	0.01	0.022	0.02	0.04	0.012	0	0	0.02	0.016	0.01	0.024	0.02	0.02	0.04	0	0	0	0	0	0	0	0.03	0	0.008	0.01	0	0	0	0.002	0.024	0	0	0	0.016	0	0	0	0	0.026	0	0	0.016	0.026	0.078	0.042	0.022	0	0	0.042	0	0.046	0	0.04	0	0	0	0	0	0	0	0	0	0	0	0	0	0	0	0	0	0.004	0	0	0	0	0	0	0	0	0	0	0	0	0	0	0	0	0	0	0	0	0	0.072	0.01	0	0.004	0.01	0.018	0.022	0.016	0	0	0	0	0.012	0.022	0.018	0	0	0.006	0	0	0.01	0.01	0	0	0.006	0	0	0.024	0	0	0	0	0	0	0	0	0	0	0	0	0	0.028	0	0	0.002	0	0	0	0.01	0	0.054	0.06	0.034	0.048	0	0.03
